image_width: 1920
image_height: 1080
camera_name: arducam_w
camera_matrix:
  rows: 3
  cols: 3
  data: [684.126018, 6.219456, 965.520998, 0.0, 689.731657, 537.697851, 0.0, 0.0, 1.0]
distortion_model: fisheye
distortion_coefficients:
  rows: 1
  cols: 5
  data: [0.064749, -0.141571, 0.186756, -0.032821, 0.0]
rectification_matrix:
  rows: 3
  cols: 3
  data: [1.0, 0.0, 0.0, 0.0, 1.0, 0.0, 0.0, 0.0, 1.0]
projection_matrix:
  rows: 3
  cols: 4
  data: [684.126018, 6.219456, 965.520998, 0.0, 0.0, 689.731657, 537.697851, 0.0, 0.0, 0.0, 1.0, 0.0]